10001100000001000000000000000000
0
0
0
00100000000001010000000000000001
0
0
0
00100000000010000000000000000000
0
0
0
00010001000001000000000000010001
0
0
0
00100000000010010000000000000001
0
0
0
00100001000010000000000000000001
0
0
0
10101101000010010000000000000000
0
0
0
00010001000001000000000000001101
0
0
0
00100000000010100000000000000001
0
0
0
00100001000010000000000000000001
0
0
0
10101101000010100000000000000000
0
0
0
00010001000001000000000000001001
0
0
0
00000001001010100101000000100000
0
0
0
00100001000010000000000000000001
0
0
0
10101101000010100000000000000000
0
0
0
00010001000001000000000000000101
0
0
0
00000001010010010100100000100000
0
0
0
00100001000010000000000000000001
0
0
0
10101101000010010000000000000000
0
0
0
00010001000001000000000000000001
0
0
0
00001000000000000000000000001100